V(L) -> Pos(mm)

A2 = 7.683171170513934e-05
A1 = 0.003627158900468
A0 = 0.013912662412795

Vout(position) = A2 Pos^2 + A1 Pos + A0


Pos(mm) -> V(L)

A3 = 56.294006995575636
A2 = -1.411793743886704e+02
A1 = 1.763924015751891e+02
A0 = 0.165070048003216

Pos(Vout) = A3 Pos^3 + A2 Pos^2 + A1 Pos + A0